Created by SunData for Windows Mobile v2.0.0.2									
									
Title     :	Sarsense								
Location  :	selhausen								
Latitude  :	50.53N	Longitude :	6.25E						
26-06-19		Local time is GMT+2 Hrs							
SunScan probe v1.02R (C) JGW 2004/01/19									
									
Ext Sensor: BFS		  Leaf Angle Distn Parameter:				1.5	  Leaf Absorption:		0.85
Group   1 :									
									
Time			Trans-	Spread	Incid-	Beam	Zenith	LAI	Notes
			mitted		 ent	frac	Angle		
10:01:16	1	1	466.4	0.6	1189.1	0.58	49.6	1.2	
10:01:21	1	2	432.1	0.72	1184.2	0.58	49.6	1.3	
10:01:24	1	3	355.8	0.67	1188.5	0.58	49.6	1.6	
10:01:26	1	4	403.8	0.69	1188.5	0.58	49.6	1.4	
10:01:29	1	5	379.9	0.7	1202.5	0.59	49.6	1.5	
10:01:36	1	6	610.1	0.51	1215.4	0.59	49.5	0.9	
10:01:38	1	7	607.5	0.51	1219.6	0.59	49.5	0.9	
10:01:43	1	8	496.2	0.47	1224.5	0.6	49.5	1.2	
10:01:45	1	9	533.5	0.46	1227.6	0.6	49.5	1.1	
									
Average of	9	 readings							
  Incident light 		1204.4	  Transmitted fraction:			0.39	   LAI:	1.2	1
									
10:02:19	2	1	273.9	1.13	1204.4	0.59	49.4	1.9	
10:02:26	2	2	642.4	0.5	1241.6	0.6	49.4	0.8	
10:02:27	2	3	630.2	0.52	1246.5	0.61	49.4	0.9	
10:02:28	2	4	751.7	0.43	1246.5	0.61	49.4	0.6	
10:02:34	2	5	721.1	0.41	1246.5	0.61	49.4	0.7	
10:02:38	2	6	681.7	0.45	1250.2	0.61	49.4	0.8	
10:02:39	2	7	706.1	0.44	1255	0.61	49.4	0.7	
									
Average of	7	 readings							
  Incident light 		1241.5	  Transmitted fraction:			0.51	   LAI:	0.9	2
									
10:03:06	3	1	688.4	0.57	1250.2	0.61	49.3	0.8	
10:03:10	3	2	756.7	0.47	1247.1	0.61	49.3	0.6	
10:03:14	3	3	511.2	0.71	1244	0.61	49.3	1.1	
10:03:16	3	4	540.4	0.66	1244	0.61	49.3	1.1	
10:03:23	3	5	699.4	0.53	1250.2	0.61	49.3	0.7	
10:03:25	3	6	696.2	0.52	1250.2	0.61	49.3	0.7	
10:03:29	3	7	625	0.63	1249.5	0.61	49.3	0.9	
									
Average of	7	 readings							
  Incident light 		1247.9	  Transmitted fraction:			0.52	   LAI:	0.9	3
									
10:04:06	4	1	127.2	0.92	1248.3	0.61	49.2	3	
10:04:09	4	2	193.7	1.2	1244	0.61	49.1	2.5	
10:04:12	4	3	162.9	1.53	1241.6	0.61	49.1	2.7	
10:04:15	4	4	158.2	1.49	1238.6	0.61	49.1	2.7	
10:04:18	4	5	156.9	1.48	1235.5	0.61	49.1	2.7	
10:04:19	4	6	171	1.44	1235.5	0.61	49.1	2.6	
10:04:31	4	7	241.8	0.93	1235.5	0.61	49.1	2.1	
10:04:32	4	8	224.5	1.01	1237.3	0.61	49.1	2.2	
10:04:33	4	9	222.8	0.98	1237.3	0.61	49.1	2.3	4
									
Average of	9	 readings							
  Incident light 		1239.3	  Transmitted fraction:			0.15	   LAI:	2.5	
									
10:04:59	5	1	293.8	1.08	1237.3	0.62	49	1.9	
10:05:02	5	2	274.6	1.04	1237.3	0.62	49	2	
10:05:03	5	3	324.6	0.99	1244	0.62	49	1.8	
10:05:07	5	4	213.6	1.12	1246.5	0.62	49	2.3	
10:05:09	5	5	214.6	1.13	1243.4	0.62	49	2.3	
10:05:10	5	6	214.4	1.12	1243.4	0.62	49	2.3	
10:05:12	5	7	212.9	1.12	1245.3	0.62	49	2.3	
									
Average of	7	 readings							
  Incident light 		1242.5	  Transmitted fraction:			0.2	   LAI:	2.1	5
									
10:05:48	6	1	357.7	0.96	1270.3	0.62	48.9	1.7	
10:05:52	6	2	312.9	0.99	1267.2	0.62	48.9	1.8	
10:06:00	6	3	111.6	1.45	1257.5	0.62	48.9	3.2	
10:06:02	6	4	112.5	1.44	1257.5	0.62	48.9	3.2	
10:06:03	6	5	112	1.44	1255	0.62	48.9	3.2	
10:06:09	6	6	111.6	1.14	1263.6	0.62	48.8	3.2	
10:06:11	6	7	166.1	1.15	1263.6	0.62	48.8	2.7	
10:06:13	6	8	191.8	1.19	1258.1	0.62	48.8	2.5	
10:06:15	6	9	163.5	1.04	1257.5	0.62	48.8	2.7	
									
Average of	9	 readings							
  Incident light 		1261.1	  Transmitted fraction:			0.14	   LAI:	2.7	6
									
10:06:47	7	1	232.3	1.03	1226.3	0.61	48.7	2.2	
10:06:49	7	2	228.9	1.04	1228.2	0.61	48.7	2.2	
10:06:53	7	3	221.2	1	1226.3	0.61	48.7	2.3	
10:07:01	7	4	101.7	1.04	1237.3	0.61	48.7	3.3	
10:07:02	7	5	108.2	1.15	1232.5	0.61	48.7	3.2	
10:07:03	7	6	101.8	1.05	1232.5	0.61	48.7	3.3	
10:07:11	7	7	108.1	1.26	1235.5	0.61	48.7	3.2	
10:07:12	7	8	132.1	1.11	1237.3	0.61	48.7	3	
10:07:13	7	9	117.2	1.04	1237.3	0.61	48.7	3.1	
10:07:15	7	10	116.1	0.93	1237.3	0.61	48.7	3.2	
									
Average of	10	 readings							
  Incident light 		1233.1	  Transmitted fraction:			0.12	   LAI:	2.9	7
									
10:07:49	8	1	148.2	1.07	1273.3	0.62	48.6	2.9	
10:07:51	8	2	150.4	1.4	1277	0.62	48.6	2.8	
10:07:53	8	3	156.9	1.29	1277	0.62	48.6	2.8	
10:07:54	8	4	137.1	1.22	1279.4	0.62	48.6	3	
10:07:59	8	5	152.8	1.01	1284.3	0.62	48.6	2.8	
10:08:01	8	6	193.9	1.1	1284.3	0.62	48.5	2.5	
10:08:02	8	7	193.6	1.14	1284.3	0.62	48.5	2.5	
10:08:12	8	8	93.5	0.6	1282.5	0.62	48.5	3.5	
10:08:14	8	9	102.5	0.65	1282.5	0.62	48.5	3.4	
10:08:15	8	10	109.8	0.57	1283.1	0.63	48.5	3.3	
10:08:19	8	11	278.2	0.89	1285.6	0.63	48.5	2	
10:08:21	8	12	329.5	0.9	1288	0.63	48.5	1.8	
									
Average of	12	 readings							
  Incident light 		1281.8	  Transmitted fraction:			0.13	   LAI:	2.8	8
									
10:08:48	9	1	232.9	1.08	1292.3	0.63	48.4	2.3	
10:08:50	9	2	223.7	1.11	1292.3	0.63	48.4	2.3	
10:08:51	9	3	222.5	1.11	1295.3	0.63	48.4	2.3	
10:09:03	9	4	332.9	0.89	1292.3	0.63	48.4	1.8	
10:09:04	9	5	343.1	0.88	1292.3	0.63	48.4	1.7	
10:09:09	9	6	269.1	1.11	1286.2	0.63	48.4	2.1	
10:09:10	9	7	263.2	1.1	1286.2	0.63	48.4	2.1	
									
Average of	7	 readings							
  Incident light 		1291	  Transmitted fraction:			0.21	   LAI:	2.1	9
									
10:09:44	10	1	327.1	1.13	1275.2	0.63	48.3	1.8	
10:09:45	10	2	316.4	1.22	1275.2	0.63	48.3	1.8	
10:09:50	10	3	442.1	0.69	1275.2	0.63	48.3	1.4	
10:09:51	10	4	579.1	0.67	1275.2	0.63	48.3	1	
10:09:53	10	5	586.2	0.68	1275.2	0.63	48.3	1	
10:09:56	10	6	464.6	0.76	1275.2	0.63	48.3	1.3	
10:10:02	10	7	715.5	0.51	1262.4	0.63	48.2	0.7	
10:10:03	10	8	685.1	0.49	1258.1	0.63	48.2	0.8	
10:10:07	10	9	458	0.86	1256.3	0.62	48.2	1.3	
10:10:08	10	10	453.1	0.85	1260.5	0.63	48.2	1.3	
									
Average of	10	 readings							
  Incident light 		1268.9	  Transmitted fraction:			0.4	   LAI:	1.3	10
									
									
Ext Sensor: BFS		  Leaf Angle Distn Parameter:				1.5	  Leaf Absorption:		0.85
Group   2 :	2								
									
Time			Trans-	Spread	Incid-	Beam	Zenith	LAI	Notes
			mitted		 ent	frac	Angle		
									
16:18:07	1	1	802.4	0.59	1491.2	0.66	41.2	0.8	
16:18:13	1	2	760	0.65	1491.2	0.66	41.2	0.9	
16:18:15	1	3	722.9	0.68	1490	0.66	41.2	1	
16:18:17	1	4	719.5	0.7	1490	0.66	41.2	1	
16:18:20	1	5	735.2	0.69	1494.9	0.66	41.2	1	
16:18:38	1	6	666.9	0.76	1488.2	0.66	41.3	1.1	
16:18:40	1	7	670.6	0.76	1488.2	0.66	41.3	1.1	
16:18:42	1	8	637.8	0.8	1490	0.66	41.3	1.2	
16:18:43	1	9	629.3	0.77	1490	0.66	41.3	1.2	
16:18:45	1	10	654.9	0.72	1483.9	0.66	41.3	1.1	
16:19:10	1	11	517.1	0.95	1477.2	0.66	41.3	1.4	
16:19:12	1	12	523.7	0.95	1472.9	0.66	41.3	1.4	
16:19:13	1	13	527.1	0.97	1472.9	0.66	41.3	1.4	
16:19:15	1	14	523.7	0.96	1474.2	0.66	41.3	1.4	
16:19:17	1	15	542.8	0.93	1474.2	0.66	41.4	1.4	
									
Average of	15	 readings							
  Incident light 		1484.6	  Transmitted fraction:			0.43	   LAI:	1.2	1
									
16:20:14	2	1	897.4	0.52	1493.1	0.67	41.5	0.7	
16:20:16	2	2	892.6	0.53	1493.1	0.67	41.5	0.7	
16:20:18	2	3	905.5	0.52	1491.9	0.67	41.5	0.7	
16:20:20	2	4	882	0.54	1491.9	0.67	41.5	0.7	
16:20:22	2	5	906	0.52	1491.9	0.67	41.5	0.7	
16:20:41	2	6	659.5	0.81	1501	0.67	41.6	1.1	
16:20:43	2	7	662.6	0.82	1502.8	0.67	41.6	1.1	
16:20:44	2	8	705	0.76	1501	0.67	41.6	1	
16:20:46	2	9	668.3	0.79	1501	0.67	41.6	1.1	
16:20:48	2	10	627.2	0.85	1499.8	0.67	41.6	1.2	
16:21:12	2	11	657.4	0.73	1502.8	0.67	41.6	1.1	
16:21:13	2	12	691.1	0.7	1502.8	0.67	41.6	1.1	
16:21:15	2	13	728.3	0.64	1502.8	0.67	41.6	1	
16:21:17	2	14	796	0.59	1502.8	0.67	41.6	0.9	
16:21:19	2	15	800.9	0.56	1502.8	0.67	41.6	0.9	
									
Average of	15	 readings							
  Incident light 		1498.8	  Transmitted fraction:			0.51	   LAI:	0.9	2
									
16:22:09	3	1	371.2	1.06	1532.1	0.68	41.8	2	
16:22:10	3	2	375.9	1.05	1532.1	0.68	41.8	1.9	
16:22:12	3	3	396.4	1.04	1530.9	0.68	41.8	1.9	
16:22:13	3	4	398.4	1.06	1530.9	0.68	41.8	1.9	
16:22:15	3	5	397.9	1.06	1532.7	0.68	41.8	1.9	
16:22:27	3	6	706.8	0.77	1537	0.68	41.8	1.1	
16:22:28	3	7	709.2	0.76	1537	0.68	41.8	1.1	
16:22:30	3	8	698.8	0.78	1538.8	0.68	41.8	1.1	
16:22:31	3	9	674.1	0.79	1538.8	0.68	41.8	1.1	
16:22:33	3	10	651.5	0.81	1541.9	0.68	41.8	1.2	
16:22:48	3	11	705.5	0.67	1529.1	0.67	41.9	1.1	
16:22:49	3	12	676	0.71	1529.1	0.67	41.9	1.1	
16:22:51	3	13	624.2	0.75	1524.8	0.67	41.9	1.2	
16:22:53	3	14	603	0.78	1524.8	0.67	41.9	1.3	
16:22:54	3	15	589.8	0.76	1513.8	0.67	41.9	1.3	
									
Average of	15	 readings							
  Incident light 		1531.6	  Transmitted fraction:			0.37	   LAI:	1.4	3
									
16:23:34	4	1	369.2	1.25	1485.7	0.67	42	1.9	
16:23:35	4	2	357.7	1.23	1485.7	0.67	42	2	
16:23:37	4	3	345.5	1.28	1485.7	0.67	42	2	
16:23:39	4	4	311.9	1.35	1485.7	0.67	42	2.2	
16:23:41	4	5	271	1.42	1485.7	0.67	42	2.4	
16:23:59	4	6	528.8	0.9	1491.2	0.67	42	1.4	
16:24:01	4	7	482.2	0.98	1494.9	0.67	42	1.6	
16:24:02	4	8	438.7	1.02	1494.9	0.67	42	1.7	
16:24:04	4	9	422	1.03	1494.9	0.67	42	1.7	
16:24:05	4	10	413.3	1.02	1488.8	0.67	42	1.8	
16:24:23	4	11	630.9	0.81	1505.3	0.67	42.1	1.2	
16:24:25	4	12	691.8	0.72	1505.3	0.67	42.1	1.1	
16:24:27	4	13	781.3	0.62	1510.2	0.67	42.1	0.9	
16:24:29	4	14	784.1	0.61	1510.2	0.67	42.1	0.9	
16:24:31	4	15	858.7	0.52	1512	0.67	42.1	0.8	
									
Average of	15	 readings							
  Incident light 		1495.7	  Transmitted fraction:			0.34	   LAI:	1.6	5
									
16:29:01	5	1	518.4	0.91	1466.8	0.67	42.8	1.4	
16:29:04	5	2	555.2	0.89	1468	0.67	42.8	1.3	
16:29:06	5	3	565.9	0.88	1472.3	0.67	42.8	1.3	
16:29:07	5	4	574.8	0.89	1472.3	0.67	42.8	1.3	
16:29:09	5	5	571.2	0.91	1472.3	0.67	42.8	1.3	
16:29:21	5	6	507.4	0.9	1466.8	0.67	42.8	1.4	
16:29:22	5	7	509.8	0.9	1466.8	0.67	42.8	1.4	
16:29:24	5	8	530.6	0.87	1469.3	0.67	42.8	1.4	
16:29:25	5	9	575.1	0.83	1469.3	0.67	42.8	1.3	
16:29:27	5	10	594.7	0.81	1466.8	0.67	42.8	1.2	
16:29:55	5	11	781	0.67	1480.3	0.67	42.9	0.9	
16:29:56	5	12	764.6	0.69	1480.3	0.67	42.9	0.9	
16:29:58	5	13	730.7	0.69	1480.3	0.67	42.9	0.9	
16:29:59	5	14	727.9	0.72	1483.3	0.67	42.9	1	
16:30:01	5	15	665.8	0.8	1483.3	0.67	42.9	1.1	
									
Average of	15	 readings							
  Incident light 		1473.2	  Transmitted fraction:			0.41	   LAI:	1.2	5
									
16:30:39	6	1	413.5	1.01	1476	0.66	43	1.7	
16:30:40	6	2	421	1.01	1476	0.66	43	1.7	
16:30:42	6	3	432.4	1	1469.9	0.66	43	1.7	
16:30:43	6	4	416.8	1.04	1469.9	0.66	43	1.7	
16:30:48	6	5	445	0.98	1469.3	0.66	43	1.6	
16:31:02	6	6	642.7	0.73	1463.8	0.66	43.1	1.1	
16:31:04	6	7	657.8	0.73	1463.8	0.66	43.1	1.1	
16:31:06	6	8	659.6	0.74	1454	0.66	43.1	1.1	
16:31:08	6	9	642.2	0.76	1454	0.66	43.1	1.1	
16:31:11	6	10	645.8	0.74	1460.1	0.66	43.1	1.1	
16:31:30	6	11	188.5	1.6	1444.9	0.66	43.1	2.8	
16:31:32	6	12	184.2	1.51	1444.9	0.66	43.1	2.8	
16:31:33	6	13	176.3	1.41	1446.1	0.66	43.1	2.9	
16:31:35	6	14	237.5	1.37	1443	0.66	43.1	2.5	
16:31:37	6	15	295.2	1.26	1443	0.66	43.1	2.2	
16:31:39	6	16	314.6	1.16	1441.2	0.66	43.1	2.1	
									
Average of	16	 readings							
  Incident light 		1457.5	  Transmitted fraction:			0.29	   LAI:	1.8	6
									
16:32:10	7	1	405.6	1.01	1435.1	0.66	43.2	1.7	
16:32:12	7	2	444.9	0.98	1441.2	0.66	43.2	1.6	
16:32:14	7	3	537.3	0.86	1441.2	0.66	43.2	1.3	
16:32:15	7	4	486.1	0.91	1438.1	0.66	43.2	1.5	
16:32:17	7	5	475.1	0.9	1436.9	0.66	43.2	1.5	
16:32:32	7	6	341.8	1.05	1436.9	0.66	43.3	2	
16:32:34	7	7	311	1.08	1436.9	0.66	43.3	2.1	
16:32:37	7	8	307.2	1.12	1433.3	0.66	43.3	2.1	
16:32:40	7	9	298.2	1.12	1429	0.66	43.3	2.1	
16:32:42	7	10	280.4	1.14	1421.1	0.66	43.3	2.2	
16:32:57	7	11	555	0.83	1406.4	0.65	43.3	1.3	
16:32:59	7	12	537.5	0.83	1406.4	0.65	43.3	1.3	
16:33:01	7	13	528	0.87	1406.4	0.65	43.3	1.3	
16:33:02	7	14	541.5	0.86	1406.4	0.65	43.3	1.3	
16:33:04	7	15	577.6	0.78	1406.4	0.65	43.4	1.2	
									
Average of	15	 readings							
  Incident light 		1425.4	  Transmitted fraction:			0.31	   LAI:	1.6	7
									
16:33:31	8	1	423.7	1.02	1372.2	0.65	43.4	1.6	
16:33:33	8	2	443.4	0.97	1372.2	0.65	43.4	1.5	
16:33:35	8	3	464.6	0.94	1372.2	0.65	43.4	1.5	
16:33:36	8	4	498.6	0.88	1371	0.65	43.4	1.4	
16:33:38	8	5	517.9	0.85	1371	0.65	43.4	1.3	
16:33:54	8	6	229.8	1.28	1405.2	0.66	43.5	2.5	
16:33:56	8	7	244	1.32	1405.2	0.66	43.5	2.4	
16:33:57	8	8	227.9	1.33	1424.1	0.66	43.5	2.5	
16:33:59	8	9	209.7	1.2	1424.1	0.66	43.5	2.6	
16:34:01	8	10	253.7	1.15	1436.3	0.67	43.5	2.4	
16:34:15	8	11	271.3	1.24	1457.1	0.67	43.5	2.3	
16:34:16	8	12	241.6	1.2	1457.1	0.67	43.5	2.5	
16:34:18	8	13	249.9	1.1	1452.8	0.67	43.5	2.4	
16:34:19	8	14	275.6	1.09	1452.8	0.67	43.5	2.3	
16:34:21	8	15	293.4	1	1455.2	0.67	43.5	2.2	
									
Average of	15	 readings							
  Incident light 		1415.2	  Transmitted fraction:			0.23	   LAI:	2.1	8
									
16:34:51	9	1	571.2	0.74	1454	0.67	43.6	1.3	
16:34:53	9	2	592.5	0.73	1454	0.67	43.6	1.2	
16:34:54	9	3	576.8	0.75	1447.9	0.67	43.6	1.2	
16:34:56	9	4	603.5	0.73	1447.9	0.67	43.6	1.2	
16:34:57	9	5	581.3	0.77	1444.2	0.67	43.6	1.2	
16:35:08	9	6	405.3	1.04	1425.3	0.67	43.7	1.7	
16:35:09	9	7	416.7	1.03	1422.3	0.67	43.7	1.7	
16:35:11	9	8	416	1	1422.3	0.67	43.7	1.7	
16:35:12	9	9	424.9	0.98	1416.2	0.66	43.7	1.6	
16:35:13	9	10	431.1	0.98	1416.2	0.66	43.7	1.6	
16:35:23	9	11	464.6	0.92	1419.8	0.66	43.7	1.5	
16:35:25	9	12	460.1	0.93	1419.8	0.66	43.7	1.5	
16:35:26	9	13	423	0.9	1419.8	0.66	43.7	1.6	
16:35:27	9	14	382.9	0.95	1419.8	0.66	43.7	1.8	
16:35:34	9	15	413.3	0.91	1421.1	0.66	43.7	1.7	
									
Average of	15	 readings							
  Incident light 		1430	  Transmitted fraction:			0.33	   LAI:	1.5	9
									
16:36:07	10	1	545.7	0.88	1425.3	0.66	43.8	1.3	
16:36:09	10	2	575.9	0.82	1425.3	0.66	43.8	1.2	
16:36:10	10	3	620.6	0.77	1425.3	0.66	43.8	1.1	
16:36:11	10	4	604.7	0.78	1425.3	0.66	43.8	1.2	
16:36:12	10	5	567.2	0.83	1425.9	0.66	43.8	1.2	
16:36:29	10	6	723.2	0.72	1424.1	0.66	43.9	0.9	
16:36:30	10	7	700.8	0.75	1424.1	0.66	43.9	0.9	
16:36:32	10	8	658.3	0.81	1424.1	0.66	43.9	1	
16:36:33	10	9	638	0.83	1424.1	0.66	43.9	1.1	
16:36:34	10	10	628.5	0.83	1424.1	0.66	43.9	1.1	
16:36:46	10	11	418.7	1	1418	0.67	43.9	1.7	
16:36:47	10	12	439.4	0.93	1418	0.67	43.9	1.6	
16:36:49	10	13	472	0.85	1418	0.67	43.9	1.5	
16:36:50	10	14	511.9	0.83	1418	0.67	43.9	1.4	
16:36:51	10	15	511.9	0.84	1418	0.67	43.9	1.4	
									
Average of	15	 readings							
  Incident light 		1422.5	  Transmitted fraction:			0.4	   LAI:	1.2	10
									
									
Ext Sensor: BFS		  Leaf Angle Distn Parameter:				1.5	  Leaf Absorption:		0.85
Group   3 :	3								
									
Time			Trans-	Spread	Incid-	Beam	Zenith	LAI	Notes
			mitted		 ent	frac	Angle		
									
8:58:20	1	1	246.4	0.36	766.1	0.23	59.6	1.4	
8:58:22	1	2	273.8	0.3	774.7	0.24	59.6	1.3	
8:58:24	1	3	259.1	0.37	774.7	0.24	59.6	1.3	
8:58:25	1	4	251.4	0.45	813.1	0.28	59.6	1.4	
8:58:26	1	5	255.1	0.66	813.1	0.28	59.6	1.4	
8:58:28	1	6	252.1	0.66	841.8	0.3	59.6	1.5	
8:58:32	1	7	409.4	0.34	844.9	0.3	59.5	0.9	
8:58:33	1	8	394.7	0.36	844.9	0.3	59.5	0.9	
8:58:40	1	9	379.5	0.28	854.6	0.31	59.5	1	
8:58:42	1	10	375.5	0.34	854.6	0.31	59.5	1	
8:58:44	1	11	324	0.4	879.1	0.32	59.5	1.2	
									
Average of	11	 readings							
  Incident light 		823.8	  Transmitted fraction:			0.38	   LAI:	1.2	
									
8:59:12	2	1	274	0.66	1016.4	0.41	59.4	1.6	
8:59:13	2	2	256.1	0.66	1025.5	0.41	59.4	1.7	
8:59:15	2	3	391.2	0.4	1025.5	0.41	59.4	1.2	
8:59:17	2	4	537.8	0.47	965.7	0.38	59.4	0.7	
8:59:22	2	5	529.8	0.33	890	0.32	59.4	0.6	
8:59:24	2	6	526.3	0.37	890	0.32	59.4	0.6	
8:59:29	2	7	389.9	0.71	920.6	0.34	59.4	1	
8:59:30	2	8	383.2	0.71	920.6	0.34	59.4	1.1	
8:59:38	2	9	437.4	0.49	854.6	0.29	59.4	0.8	
8:59:40	2	10	405.8	0.48	961.5	0.37	59.4	1	
									
Average of	10	 readings							
  Incident light 		947	  Transmitted fraction:			0.44	   LAI:	1	
									
9:00:00	3	1	255.6	0.57	642.2	0.06	59.3	1.1	
9:00:01	3	2	265.3	0.57	630	0.05	59.3	1.1	
9:00:04	3	3	309.8	0.4	622.1	0.05	59.3	0.8	
9:00:06	3	4	320.6	0.37	622.1	0.05	59.3	0.8	
9:00:09	3	5	304.7	0.39	615.4	0.04	59.3	0.8	
9:00:11	3	6	295.2	0.39	609.9	0.04	59.3	0.9	
9:00:13	3	7	316.3	0.34	608.1	0.04	59.3	0.8	
9:00:19	3	8	333.4	0.22	603.2	0.03	59.3	0.7	
9:00:20	3	9	335.8	0.26	602	0.03	59.3	0.7	
									
Average of	9	 readings							
  Incident light 		617.2	  Transmitted fraction:			0.49	   LAI:	0.9	
									
9:00:37	4	1	120.4	0.46	572.1	0.01	59.2	2	
9:00:39	4	2	113.4	0.45	572.1	0.01	59.2	2.1	
9:00:42	4	3	147.3	0.21	568.4	0	59.2	1.7	
9:00:44	4	4	147.1	0.2	567.2	0	59.2	1.7	
9:00:51	4	5	116.7	0.3	565.9	0	59.2	2	
9:00:53	4	6	124.4	0.23	565.3	0	59.2	1.9	
9:01:04	4	7	90.4	0.28	557.4	0	59.1	2.4	
9:01:06	4	8	90.6	0.3	557.4	0	59.1	2.4	
9:01:08	4	9	90.8	0.29	556.2	0	59.1	2.4	
									
Average of	9	 readings							
  Incident light 		564.7	  Transmitted fraction:			0.2	   LAI:	2.1	
									
9:01:23	5	1	77.8	0.48	545.2	0	59.1	2.5	
9:01:27	5	2	77.9	0.56	543.4	0.01	59.1	2.5	
9:01:28	5	3	78.3	0.56	540.3	0.01	59.1	2.5	
9:01:34	5	4	108.7	0.53	533	0.01	59.1	2	
9:01:35	5	5	109.6	0.53	533	0.01	59.1	2	
9:01:43	5	6	111.1	0.41	523.2	0.01	59	2	
9:01:44	5	7	108.9	0.32	523.2	0.01	59	2	
9:01:46	5	8	110.6	0.23	520.2	0.01	59	2	
9:01:54	5	9	106.4	0.5	516.5	0.01	59	2	
9:01:56	5	10	105.7	0.4	516.5	0.01	59	2	
									
Average of	10	 readings							
  Incident light 		529.5	  Transmitted fraction:			0.19	   LAI:	2.2	
									
9:02:15	6	1	102.6	0.49	513.5	0.03	59	2.1	
9:02:16	6	2	106.5	0.5	513.5	0.03	59	2	
9:02:19	6	3	74.5	0.59	513.5	0.03	58.9	2.5	
9:02:20	6	4	99.2	0.53	513.5	0.04	58.9	2.1	
9:02:24	6	5	89.5	0.32	513.5	0.04	58.9	2.2	
9:02:25	6	6	90	0.33	513.5	0.04	58.9	2.2	
9:02:32	6	7	61.9	0.39	516.5	0.04	58.9	2.8	
9:02:34	6	8	63.3	0.36	518.3	0.04	58.9	2.7	
9:02:35	6	9	77.6	0.41	518.3	0.04	58.9	2.5	
9:02:40	6	10	65.3	0.41	522	0.04	58.9	2.7	
9:02:43	6	11	54.5	0.47	522	0.04	58.9	3	
									
Average of	11	 readings							
  Incident light 		516.2	  Transmitted fraction:			0.16	   LAI:	2.4	
									
9:03:03	7	1	67.5	0.33	536	0.05	58.8	2.7	
9:03:04	7	2	68.3	0.31	538.5	0.05	58.8	2.7	
9:03:11	7	3	69.9	0.52	540.9	0.05	58.8	2.7	
9:03:13	7	4	68.7	0.51	540.9	0.05	58.8	2.7	
9:03:19	7	5	79.4	0.27	544	0.05	58.8	2.5	
9:03:20	7	6	79.4	0.27	544	0.05	58.8	2.5	
9:03:25	7	7	80.5	0.44	544	0.05	58.8	2.5	
9:03:26	7	8	79.4	0.45	544	0.05	58.8	2.5	
									
Average of	8	 readings							
  Incident light 		541.5	  Transmitted fraction:			0.14	   LAI:	2.6	
									
9:03:44	8	1	79.7	0.36	556.2	0.08	58.7	2.5	
9:03:45	8	2	80.4	0.34	556.2	0.08	58.7	2.5	
9:03:47	8	3	77.1	0.34	556.2	0.08	58.7	2.6	
9:03:51	8	4	77.2	0.34	556.2	0.08	58.7	2.6	
9:03:52	8	5	76.4	0.34	557.4	0.08	58.7	2.6	
9:03:59	8	6	88.4	0.43	559.2	0.08	58.7	2.4	
9:04:01	8	7	88.1	0.43	559.2	0.08	58.7	2.4	
9:04:02	8	8	87.2	0.43	559.2	0.08	58.7	2.4	
9:04:09	8	9	80.1	0.4	568.4	0.09	58.7	2.5	
									
Average of	9	 readings							
  Incident light 		558.7	  Transmitted fraction:			0.15	   LAI:	2.5	
									
9:04:28	9	1	113.5	0.38	642.2	0.17	58.6	2.2	
9:04:30	9	2	124.5	0.36	642.2	0.17	58.6	2.1	
9:04:31	9	3	126.7	0.35	634.3	0.16	58.6	2	
9:04:38	9	4	75.1	0.57	626.4	0.15	58.6	2.7	
9:04:40	9	5	77.2	0.56	626.4	0.15	58.6	2.7	
9:04:46	9	6	113	0.37	617.8	0.13	58.6	2.2	
9:04:47	9	7	112.4	0.35	617.8	0.13	58.6	2.2	
9:04:49	9	8	119.3	0.44	627	0.14	58.5	2.1	
									
Average of	8	 readings							
  Incident light 		629.3	  Transmitted fraction:			0.17	   LAI:	2.3	
									
9:05:20	10	1	219.7	0.3	775.9	0.26	58.5	1.6	
9:05:22	10	2	223.2	0.32	775.9	0.26	58.5	1.5	
9:05:23	10	3	211.6	0.35	775.9	0.26	58.5	1.6	
9:05:31	10	4	234	0.48	926.7	0.37	58.4	1.7	
9:05:32	10	5	221.4	0.5	926.7	0.37	58.4	1.8	
9:05:42	10	6	270.6	0.33	909	0.35	58.4	1.5	
9:05:45	10	7	288.3	0.34	893.7	0.33	58.4	1.4	
9:05:52	10	8	343	0.42	859.5	0.3	58.4	1.1	
9:05:53	10	9	338.5	0.43	859.5	0.3	58.4	1.1	
									
Average of	9	 readings							
  Incident light 		855.9	  Transmitted fraction:			0.31	   LAI:	1.5	
									
16:23:22	1	1	665.9	0.75	1521.1	0.86	41.9	1.2	
16:23:25	1	2	504.3	1.17	1526	0.86	41.9	1.6	
16:23:31	1	3	981.2	0.58	1524.2	0.86	42	0.6	
16:23:33	1	4	967.8	0.59	1526	0.86	42	0.6	
16:23:38	1	5	981.8	0.55	1524.2	0.86	42	0.6	
16:23:39	1	6	976.5	0.55	1524.8	0.86	42	0.6	
									
Average of	6	 readings							
  Incident light 		1524.4	  Transmitted fraction:			0.56	   LAI:	0.9	
									
16:24:18	2	1	745.4	0.84	1516.3	0.86	42.1	1	
16:24:20	2	2	772.1	0.84	1516.3	0.86	42.1	0.9	
16:24:22	2	3	846.8	0.7	1516.9	0.86	42.1	0.8	
16:24:28	2	4	834.3	0.73	1516.3	0.86	42.1	0.8	
16:24:30	2	5	836.8	0.73	1516.3	0.86	42.1	0.8	
16:24:31	2	6	768.3	0.7	1513.2	0.86	42.1	0.9	
									
Average of	6	 readings							
  Incident light 		1515.9	  Transmitted fraction:			0.53	   LAI:	0.9	
									
16:24:56	3	1	799.3	0.8	1515	0.85	42.2	0.9	
16:24:58	3	2	801.2	0.8	1512	0.85	42.2	0.9	
16:25:00	3	3	893.3	0.62	1512	0.85	42.2	0.7	
16:25:08	3	4	1100.4	0.45	1512	0.85	42.2	0.4	
16:25:11	3	5	1106.3	0.44	1508.9	0.85	42.2	0.4	
									
Average of	5	 readings							
  Incident light 		1512	  Transmitted fraction:			0.62	   LAI:	0.7	
									
16:25:28	4	1	326.5	1.21	1508.9	0.85	42.2	2.1	
16:25:29	4	2	334.5	1.22	1508.9	0.85	42.2	2.1	
16:25:31	4	3	333.2	1.36	1507.1	0.85	42.2	2.1	
16:25:32	4	4	376	1.24	1507.1	0.85	42.3	1.9	
16:25:34	4	5	435.4	1.24	1508.9	0.85	42.3	1.7	
16:25:37	4	6	413.8	1.23	1507.1	0.85	42.3	1.8	
									
Average of	6	 readings							
  Incident light 		1508	  Transmitted fraction:			0.25	   LAI:	2	
									
16:25:57	5	1	355.2	1.27	1507.1	0.85	42.3	2	
16:25:59	5	2	356.2	1.27	1507.7	0.85	42.3	2	
16:26:00	5	3	511.8	1.02	1507.7	0.85	42.3	1.5	
16:26:03	5	4	432.7	1.11	1507.1	0.85	42.3	1.7	
16:26:09	5	5	724.3	0.72	1508.9	0.85	42.3	1	
16:26:10	5	6	635.9	0.79	1507.7	0.85	42.3	1.2	
16:26:12	5	7	872.7	0.59	1505.9	0.85	42.3	0.8	
16:26:14	5	8	889.1	0.59	1505.9	0.85	42.4	0.7	
									
Average of	8	 readings							
  Incident light 		1507.3	  Transmitted fraction:			0.4	   LAI:	1.4	
									
16:28:44	6	1	401.8	1.13	1501	0.85	42.7	1.8	
16:28:48	6	2	460.2	1.13	1498	0.85	42.7	1.6	
16:28:50	6	3	447.7	1.17	1501	0.85	42.7	1.7	
16:28:53	6	4	651.9	0.83	1498	0.85	42.7	1.2	
16:28:55	6	5	711.2	0.82	1499.2	0.85	42.7	1	
									
Average of	5	 readings							
  Incident light 		1499.4	  Transmitted fraction:			0.36	   LAI:	1.5	
									
16:29:15	7	1	594.2	0.94	1499.8	0.85	42.8	1.3	
16:29:17	7	2	605.7	0.93	1499.8	0.85	42.8	1.3	
16:29:19	7	3	589.1	0.92	1504.1	0.85	42.8	1.3	
16:29:21	7	4	489.4	1.07	1504.1	0.85	42.8	1.6	
16:29:23	7	5	514.4	0.93	1499.8	0.85	42.8	1.5	
16:29:24	7	6	510.5	1.02	1499.8	0.85	42.8	1.5	
									
Average of	6	 readings							
  Incident light 		1501.2	  Transmitted fraction:			0.37	   LAI:	1.4	
									
16:29:41	8	1	382.4	1.07	1496.7	0.85	42.9	1.9	
16:29:43	8	2	397.6	1.06	1499.2	0.85	42.9	1.9	
16:29:46	8	3	442.5	1.2	1496.1	0.85	42.9	1.7	
16:29:48	8	4	404.3	1.23	1496.1	0.85	42.9	1.8	
16:29:49	8	5	392.6	1.25	1498	0.85	42.9	1.9	
16:29:53	8	6	260.7	1.68	1498	0.85	42.9	2.4	
16:29:54	8	7	257.8	1.66	1494.9	0.85	42.9	2.5	
16:29:56	8	8	263.5	1.64	1494.9	0.85	42.9	2.4	
									
Average of	8	 readings							
  Incident light 		1496.7	  Transmitted fraction:			0.23	   LAI:	2.1	
									
16:30:24	9	1	409.1	1.2	1494.9	0.85	43	1.8	
16:30:26	9	2	405.4	1.2	1494.9	0.85	43	1.8	
16:30:28	9	3	495	1.01	1494.9	0.85	43	1.5	
16:30:30	9	4	465.4	1.07	1494.9	0.85	43	1.6	
16:30:32	9	5	489.7	1.02	1491.9	0.85	43	1.5	
16:30:33	9	6	554.4	0.93	1491.9	0.85	43	1.4	
16:30:36	9	7	511.3	1	1491.9	0.85	43	1.5	
									
Average of	7	 readings							
  Incident light 		1493.6	  Transmitted fraction:			0.32	   LAI:	1.6	
									
16:31:00	10	1	698.4	0.8	1491.2	0.85	43	1	
16:31:01	10	2	686	0.79	1491.2	0.85	43.1	1.1	
16:31:03	10	3	570.6	0.88	1491.2	0.85	43.1	1.3	
16:31:04	10	4	679.9	0.71	1490	0.85	43.1	1.1	
16:31:06	10	5	797.7	0.63	1490	0.85	43.1	0.9	
16:31:08	10	6	880.8	0.6	1490	0.85	43.1	0.7	
16:31:10	10	7	786.5	0.63	1487	0.85	43.1	0.9	
16:31:11	10	8	778.9	0.65	1487	0.85	43.1	0.9	
